1,-0.5,1.75,0.01,0.75
1,0.5,1.75,0.01,0.75
60
0,0,1.75,0.03,0.75
180

0,-1.25,1,0.01,0.95
0,-1.25,1,0.015,0.95
0,-1.25,1,0.02,0.95
180

1,1.25,1,0.01, 0.55
1,1.25,1,0.015, 0.55
1,1.25,1,0.02,0.55
180

2,0,0,0,0
60

0,-1.25,0.75,0.01,0
60
0,-1.25,0.75,0.01,0
60
0,-1.25,0.75,0.01,0
1,1.25,0,0.01,0.5
60
1,1.25,0,0.01,0.5
60
1,1.25,0,0.01,0.5
180

1,-0.5,-1.75,0.01,0.25
1,0.5,-1.75,0.01,0.25
180

1,-1.25,1,0.01,0.9
60
1,-1.25,1,0.01,0.9
60
1,-1.25,1,0.01,0.9
180

0,1.25,1,0.01,0.6
60
0,1.25,1,0.01,0.6
60
0,1.25,1,0.01,0.6
180

2,0,0,0,0
60

1,-1.25,0,0.01,0.1
1,1.25,0,0.01,0.4
180

0,-1,1.75,0.01,0.85
0,1,1.75,0.01,0.65
180

1,-0.2,1.75,0.01,0.7
1,0.2,1.75,0.01,0.8
180

0,0,1.75,0.01,0.75
90
1,-0.5,1.75,0.01,0.75
1,0.5,1.75,0.01,0.75
180

2,0,0,0,0
60

